20 0 0
20 1 0
20 2 0
20 2 0
20 2 0
20 2 0
20 2 0
20 2 0
20 2 0
20 2 0
20 2 0
20 2 0
20 2 0
20 2 0
20 2 0
20 2 0
20 2 0
20 2 0
20 2 0
20 2 0
20 2 0
20 1 0
20 2 0
20 2 0
19 0 0
19 1 0
19 2 0
19 2 0
19 2 0
19 2 0
19 2 0
19 2 0
19 2 0
19 2 0
19 2 0
19 2 0
19 2 0
19 2 0
19 2 0
19 2 0
19 2 0
19 2 0
19 1 0
19 2 0
19 2 0
19 2 0
19 2 0
19 2 0
19 2 0
19 2 0
19 2 0
19 2 0
19 2 0
19 2 0
19 2 0
19 2 0
19 2 0
19 2 0
19 2 0
18 0 1
18 1 1
18 2 1
17 0 0
17 1 0
17 2 0
16 0 0
16 1 0
16 2 0
15 0 0
15 1 0
15 2 0
15 2 0
15 2 0
15 2 0
15 2 0
15 2 0
15 2 0
16 2 0
15 0 0
15 1 0
15 2 0
15 2 0
15 2 0
15 2 0
15 2 0
15 2 0
15 2 0
16 2 0
16 2 0
16 2 0
16 2 0
16 2 0
16 2 0
16 2 0
17 2 0
16 0 0
16 1 0
16 2 0
15 0 0
15 1 0
15 2 0
15 2 0
15 2 0
15 2 0
15 2 0
15 2 0
15 2 0
16 2 0
16 2 0
16 2 0
16 2 0
16 2 0
16 2 0
16 2 0
16 2 0
17 2 0
16 0 0
16 1 0
16 2 0
15 0 0
15 1 0
15 2 0
15 2 0
15 2 0
15 2 0
15 2 0
15 2 0
15 2 0
16 2 0
16 2 0
16 2 0
16 2 0
16 2 0
16 2 0
16 2 0
16 2 0
15 0 1
15 1 1
15 2 1
15 2 1
15 2 1
15 2 1
15 2 1
15 2 1
15 2 1
17 2 0
16 0 0
16 1 0
16 2 0
16 2 0
16 2 0
16 2 0
16 2 0
16 2 0
16 2 0
16 2 0
16 2 0
15 0 1
15 1 1
15 2 1
15 2 1
15 2 1
15 2 1
15 2 1
15 2 1
15 2 1
17 2 0
17 2 0
17 2 0
17 2 0
17 2 0
17 2 0
17 2 0
17 1 0
17 2 0
16 0 0
16 1 0
16 2 0
15 0 0
15 1 0
15 2 0
14 0 1
14 1 1
14 2 1
15 2 0
15 2 0
15 2 0
15 2 0
15 2 0
15 2 0
16 2 0
15 0 0
15 1 0
15 2 0
14 0 1
14 1 1
14 2 1
15 2 0
15 2 0
15 2 0
15 2 0
15 2 0
15 2 0
16 2 0
15 0 0
15 1 0
15 2 0
15 2 0
15 2 0
15 2 0
15 2 0
15 2 0
15 2 0
16 2 0
16 2 0
16 2 0
16 2 0
16 2 0
16 2 0
17 2 0
16 0 0
16 1 0
16 2 0
15 0 0
15 1 0
15 2 0
14 0 1
14 1 1
14 2 1
15 2 0
15 2 0
15 2 0
15 2 0
15 2 0
15 2 0
16 2 0
16 2 0
16 2 0
16 2 0
16 2 0
16 2 0
16 2 0
16 2 0
15 0 1
15 1 1
15 2 1
15 2 1
15 2 1
15 2 1
15 2 1
15 2 1
15 2 1
17 2 0
16 0 0
16 1 0
16 2 0
15 0 0
15 1 0
15 2 0
14 0 1
14 1 1
14 2 1
15 2 0
15 2 0
15 2 0
15 2 0
15 2 0
15 2 0
16 2 0
16 2 0
16 2 0
16 2 0
16 2 0
16 2 0
16 2 0
16 2 0
15 0 1
15 1 1
15 2 1
15 2 1
15 2 1
15 2 1
15 2 1
15 2 1
15 2 1
17 2 0
17 2 0
17 2 0
17 2 0
17 2 0
17 2 0
17 2 0
17 2 0
17 1 0
17 2 0
16 0 0
16 1 0
16 2 0
15 0 0
15 1 0
15 2 0





















































































































































































































































































































































































