2 2
11
00
2 1
11
10 432
0101001001
1001000010
0000101101
0000111111
0110110111
00011*1111
0000111011
0011010100
0110111100
0011110011
0000111100
010*101100
0010110101
0010101010
11000110*1
0101011101
1110010001
*111010000
011*000010
0010011010
1111110010
1111101001
00111111*1
0100111011
00100101*0
0101001011
0101000100
1001000110
0101011000
1011001000
11101000*1
0101011001
0110101110
0010110100
0110010*01
1101000011
1101001001
0001011110
1100000011
1010101110
1011110110
0100111100
1110011010
0111110001
0010000010
011*010111
1101000101
0111001001
1101111011
0001010111
1101111111
1011111011
0111001000
0001000001
0110111101
0001011001
1101011100
1111011000
0001110110
011101011*
1001111010
0110110110
1100011100
1101001101
1100100001
1011010010
001110011*
1110101101
0111000110
0011011010
0001100011
1000010010
0110000100
1101011011
1011001101
0111101010
0110100111
0011110100
1001101111
1100101011
11110001*0
1101110001
0111001010
0100010010
0100111110
011*111011
0010000100
1000*01000
1111111101
0101100001
0000001011
1010011000
1100011110
111*001111
1100011111
00101011*1
0110001000
0100101100
0110110010
0001111111
*001010001
1100101111
1111*01010
1111010101
1011100010
1111001000
*011101000
1000*11111
10101*1000
0001*11010
0011011001
01001*0100
000101001*
0011100100
0011110001
0101*10011
0110101101
1001010100
1111011011
1000011010
0101001110
11*1100001
0011000001
0111110101
1111010110
1010011101
1110011110
010000111*
1100110011
0111010100
0100001111
0000001001
1010100010
0111010101
1100100100
1110110010
1010011010
0010001111
0110001101
00010111*0
0000010100
1110110011
01111110*0
1110101*10
1110110111
1111111011
1001001100
0100101111
1000110101
*001110100
1000101011
1100010011
1101100101
0101101111
1110000011
001*111101
1111010*11
1111111000
011001001*
1011110001
0011011110
0000101*00
001010000*
1011*01100
1010000100
0011010111
0110101111
0000100111
0010011100
1101101111
10*0111000
1010100111
00101100*1
0011010011
1110110101
1000110001
0*00101001
0110010001
0101111111
1101110100
101*000010
11*1011110
1011*01110
1001101010
00101110*0
1000011101
0101100111
1010000101
0111*11110
1011011*11
1001011100
1101011101
1000100000
0101111110
0100011001
0101111011
101*110110
10000*0011
0110110000
1010010100
0001010101
1101001011
0011000111
1010010111
0001101100
0010100010
1101011111
1000110111
0011100111
0011001100
1011*01111
0010000000
1000010111
0000010011
1001111001
1011111110
0101001010
1010000011
011*011011
0011100001
1000010110
1011000101
0010010111
0101100100
1111111010
0111011001
0*11110011
0100011111
0001101*10
1011101101
1101100000
1111000*01
011001100*
*001011111
0011*10110
1100010010
0011101011
0010001011
0011110111
0011000010
0010001101
1000101001
0110001010
1100001110
0010101000
0100000111
0111111101
0100111111
1010111110
011111*010
00*1010010
0011110101
0111111110
1111010010
0011111100
1010001001
1111010111
1011010110
0001000100
0010000101
0111011010
1000001111
1010010001
0*11100011
1010110101
1010101011
0110100010
1100101101
0100101010
110111110*
1101010011
1101010001
1100000001
0010*00111
01111000*0
11*1000111
1000010001
0001110001
0100*10110
1011111001
1010001110
0111000001
0011111110
1111111111
0001111001
0101001000
0110110001
1110111101
1000001110
1110001001
0111001110
0010010100
0010101111
0111110110
0000000011
1001000001
0011001010
0100000001
101010110*
1010000010
1100111100
0110011010
1110000100
1010011111
0000000001
0101010111
0100000100
1011111010
0011111000
1110011111
*111010010
1111001100
1111111110
1001100110
1001001001
1111101111
100011*011
1011100011
0*01101001
1001011110
000101*001
1111110000
010001*000
0110010110
0000010110
1001100100
0101111001
0101101000
0100001010
0100001100
1011011001
1011000001
1100000110
0000111000
1100110111
111*101011
1111110101
10010011*1
0100100011
1010100110
0000011110
1011011111
1111110001
1110111010
1110111001
0000000000
0111101110
0111111001
0001100110
0001001100
010010*001
1010001111
1101100010
1011100100
1001011101
0110111000
1110110001
0001010000
*111110100
0000011111
000000001*
0010101011
1101110101
1110010010
1100001100
1010111010
0000110000
1011011000
0110000000
1001110101
1011101011
0*00011011
0010100100
0101001111
0111000010
0110011000
1011101111
0100100111
0110101011
0110000110
0100110100
0000100110
0101001101
01*1110000
1001100011
1000000110
1000111100
1111101100
0111011101
0000111001
1111100011
0001101110
1101110000
0100010111
0101111100
1011011010
1000000000
1100111111
011*001101
1000000111
*100101110
1001000101
1001011010
1001000100
1111000000
1010000110
*000110101
1000110110
0011101100
1000101101
1001000111
0101000111
0101111101
1100110001
0100010110
1100010111
1101010010
1110001000
0110111110
1010101010
0100000110
0000011001
1110001110
1001100101
0000010111
1111001111
1000001101
001*000100
00*1100010
*101010101
1111111100
0110110011
4 7
0011
1110
1001
0000
0001
0101
1010
2 1
00
2 1
01
6 2
001111
0*0111
7 56
1011001
0101000
1000000
0000100
1000110
0111110
0001111
100101*
1100001
0010111
0001010
1101*01
0110*00
0011*10
1111011
0100111
0101100
0011000
1110000
111*001
1000011
0101001
0001110
0*01011
1110100
0100010
0010110
0111111
1110001
1100101
1110101
000001*
*111100
1101111
1100011
0010101
1101011
1011100
1000111
1111010
0101010
1110110
1010110
0111010
100*101
1001011
0010010
101101*
0110111
100111*
1111111
1011101
01100*1
0111101
1111110
0000110
8 49
*1010110
10001110
01110111
10010111
00001100
00011110
01110010
11111100
1*001111
0000101*
00110000
00011010
00000*00
01100101
00011111
10100101
10000101
001001*1
00001110
1100000*
10111100
010001*0
01010000
10111101
00100011
10000001
10011000
10001100
10101101
01010101
10000*11
11000101
11001*10
01000010
1*001000
00011000
11101110
11000110
0*001110
11011010
01110100
100*0100
11111010
10110001
11000011
01100011
01111000
00001101
00100101
10 224
1100000010
0111011001
0101011001
0000101010
1111011001
10*1001100
1110110111
0100101011
1111010101
0110011111
0000110100
0101001110
0111101110
1001100110
0111001001
1011001011
0111111111
1000011110
0101000110
0101011010
0001010010
1*00010111
1101000011
0100000101
0000010001
0001100110
0110001011
1100100000
0111100000
*000110011
0000110010
1111001100
1100*01101
0111110010
0111010*10
1100000101
0000011111
1101111111
0001001000
0001011001
1110001100
*011110011
0111011101
0011111100
1111111110
1101010111
0111010001
0011000000
1001001101
1111001110
0110011011
0000011010
1010011010
1001111111
1111000001
1100010011
1110100100
1010010010
0001100*00
1100100100
0100100001
1000011101
0010111010
0001110111
0001100100
1110100011
1110111*01
0110*00111
0101101000
0010000000
1001101011
0010101111
0001000100
0101001100
0001000000
0001011111
0001001111
1011000111
0110100001
1011011001
1110101010
111*000001
0000*11101
110000010*
0101101111
*001101111
1100111011
0111110001
1001010000
1101010100
*010100001
1111001101
1001001110
0110000111
1111101011
1000001100
110*100010
1100100010
1001101111
0111001100
10*1100100
0101101001
0*00100010
0011000011
0110101101
1111111100
0101010100
1111110010
1111011000
1001110111
0111101000
1101101000
0100101010
0101001111
1110011000
1000111111
0101110001
0111000000
1010011001
*110110100
1110111100
0110001001
1011010000
0101101100
1001001010
1011100001
111010110*
0011111011
01001*0011
1010100100
0101000001
1111001000
0001111011
1001000001
1100111000
0111*00010
*001010011
1110100111
1101010011
1000*00111
0010000111
1101000100
0000100110
0101*01010
0100100100
1*00101100
1001100101
1101010101
1000101101
00*1000001
0100*10101
1000110101
0011101000
0110010110
1001111100
101*010000
1101101111
00000*1101
1101110011
111010011*
0011110010
0000101011
0000010010
0001111000
0001110001
0111100110
1111000100
1101011111
1001001*00
1001010110
1000011100
1010011101
10101101*0
0101000101
1011010*11
0110001110
1000011011
0111*01111
10*1010001
0100011000
1011*00011
00000*0000
0111010011
0011010001
1110010101
1011*00010
0000011101
1001111001
100*010101
0001100111
1100001110
1100010101
1011101111
1110000100
0101011000
0011*10010
1010110010
1110101011
1010010101
0010001001
0110111001
0001111100
1011101001
0110110101
0101011100
0011101101
0010101100
0111010101
1001010010
11*1100010
1110001101
0111101001
0000001100
0100110001
0101110110
0110010011
0000011100
0110111000
1101111110
0100000011
0010100100
0101010011
1101010110
0101111010
1 1
0
4 8
1*10
10*0
0001
1101
0010
0101
0000
1001
10 304
1010101010
1111011001
1111101101
1010111001
111100*100
0110010000
0010*01010
*010000001
1111111110
1101001110
1*11101110
1010000110
0111010101
1101011100
0110011101
0000*11101
1011110110
1011001110
0101010001
100*101011
1011101011
1101010000
0001111011
1001100101
011110*111
0001101101
1101001111
0111010011
1010000000
0*00001100
1*00000010
1000100000
1100110111
0110111001
1000110110
1001001110
0111001000
0110101100
1000101101
0000011100
100111*101
10010*0101
1001010001
1110001100
0111110101
1101110100
0110011100
1101101011
1011110111
0111101010
0001010011
0111111001
1101100001
0100100101
0*11001011
11*1000011
*011000100
1001010000
0101111100
0011111001
1001010010
1010011010
1110110000
1001010111
0010001110
1011101111
0101101010
1110110010
1111100010
0101100100
01001011*0
0101011101
0000111010
1001100011
1111011100
1101000010
0000101100
0001000110
1000000110
0011110110
0000101011
0101111001
110011*110
101000001*
1110101111
000*110011
0001101110
0001110001
1111001011
00101*0000
0001001111
1010010110
0111100011
1001100100
1100010000
0101010000
1000111101
0011001001
1010111110
1100101000
0110000101
1101011111
0110100111
0101000000
0110100001
1001001000
0000000001
1111111100
1000111010
1001000010
0101010010
1111111111
1010000*10
0110101011
0000011001
01*0001110
0111001011
0000110010
000*110000
1010111000
0011010111
1001110110
010001111*
0010101000
011*111111
0010000001
1110000011
010*010011
1000100001
0110010101
1111111000
1100010101
1111010010
1100100001
0011000010
0011000011
1100100011
0101*11101
*101111100
1111010111
1000101010
0100101001
1100001011
0011001101
1001001011
1000001*01
0111111000
0010110100
1111011010
1011111101
0000110110
0011011000
1100111*11
1100010011
0111011011
0110011000
1100001001
0111100001
1000110111
0000001110
*011011101
1110010010
0*00001010
0011001000
0001011111
1101100100
0010000011
1010101110
0011110000
10100010*1
1111100101
0010*01101
1100111000
0001011000
10*0001100
1000000111
0*10011100
0100011100
1011000000
1100110010
0100100001
1100100101
1100001010
0101100001
1011111010
0011010110
0101101000
0100111101
011101100*
000*010110
101101011*
1010001001
0101001011
0010110110
0101111010
0000100100
1100100110
0111010110
0000000110
110010110*
0001101001
1000111100
1111110101
100*011001
0100110000
1110111001
1011100111
1011101001
0111111010
1111101001
0111001111
1010101100
1100011111
11*0101001
0101101100
1101110001
1110000101
0000101000
0010101111
1000100100
0101000100
0111010010
011011*101
0000*01010
1010010011
1100111010
1100111111
01*1000010
0011000111
0101100010
11100011*0
0110110010
11100110*1
0*01101101
1001011000
1110001001
1110010000
1011010100
0010010000
1101*00001
010100*001
1101*11011
*010011011
0100000011
1101101010
0*00110100
1010010111
1110010001
0101011110
1001110100
011101111*
0111000110
0011000001
11*1100001
0100000110
0100100010
0101110100
1100110*01
0111111100
0101010110
00110*1101
101011*101
0111110011
1110010011
1100011011
1111001111
1001000011
0011000110
1110110111
0001110010
0011101001
0100010111
0111001001
1000001001
0010110001
0110001010
1001100010
011100000*
1110110110
0010100001
0101011011
0111001101
0010011001
1011011000
000*100001
0011010011
1010100001
1110110011
101101*000
0110010111
1011110*01
1110010110
0111100110
1110011000
01*1100101
1110100000
1110100110
0000101010
0010010101
1010011101
*011000101
1000001011
0100000000
0010010111
10 95
000011*100
011010001*
1101000011
00010011*0
0001111000
1010100011
1100000110
11*0100011
0111000111
0110110011
00110*0111
010110*110
1000101011
1010011111
1010011110
1*11000101
0000010011
0110100110
0001110011
10011111*1
0101000101
1101101001
0111101011
0111110010
0110001011
1011000101
0110001100
0110010001
100*011111
0001000001
0000100100
0000011001
0101111111
1100101111
0111101101
1000111110
0000111011
00000100*0
1000010110
0010101100
0110111000
0010011101
1010000100
1000100101
1100111101
1010111001
0010110010
0111001001
1010011000
1100000010
0100000000
1110100100
0100110111
1101001101
1001010010
010101*110
0010101000
1111000010
0110100101
1101100110
1101001010
1111000111
0100101110
1111010110
001101011*
0100110000
1001001101
0111011101
0100101001
1101010001
1011001100
0011000011
1011000111
0110001111
0011011001
1010001110
1101110101
0111000010
1010110111
0011111110
1111001*01
1010100000
0001100100
1101110010
0101111101
*110101111
1001110110
1001011101
1101110000
1011101010
0100100010
1011101100
1000000101
0101111110
011100*000
8 116
11111110
10110000
01010100
00000011
01111110
000101*1
10000111
00001000
00110011
01110010
01101101
10010110
11011101
00000*00
00000010
01110110
00001001
0*100011
10100001
0010*000
10101111
10101101
11000001
10100111
10000010
01110000
*0011010
10*10001
01100110
01101110
00101101
01111011
01100111
10100110
00111101
*1001011
11110010
11101011
01000111
0100100*
1*111010
0110000*
11001111
11010001
10011110
01001100
101*0011
11110000
11101110
01011001
00001101
01010001
0101*000
00100001
01100001
11011110
110001*1
00010001
11101001
10011100
11001000
01011101
10010100
10110111
10001011
10101110
1101111*
11101101
11111111
0*110001
00001011
*0000100
11100001
11011100
01000110
10100100
1011*001
00011100
11000011
00*01110
00111001
00000110
01011110
01101111
0010*111
10101010
010*0011
11111100
01110111
001110*1
11101111
10100*10
10001010
110110*0
0011*110
001*1000
00110100
000*1010
01010101
01010111
11111001
*1110101
*1101010
11010000
11100100
00010101
11101000
00011101
10010010
*1100111
00111111
01111001
10101100
0*100111
10001*11
00110110
8 38
00*11111
10010111
11000101
11100101
00010000
10111*00
*0110101
10100011
1011010*
01001010
01000110
01000001
11111100
11001000
00*10100
10001111
11011011
01101100
00101100
00111*11
00111001
00000001
01110110
*0000000
11000110
00110001
01101110
00001100
01110111
10001011
00010111
00000011
00111100
11100110
01111000
1001101*
*0001111
11111111
1 1
1
2 2
01
10
4 3
1101
1001
110*
4 1
011*
5 14
0*010
01001
01100
10000
10110
10001
00011
11000
11*01
00010
11101
0*000
10010
11111
10 374
1000001101
0010100001
0110000011
1001110100
1110110101
0100011001
011000011*
1000101000
0100110111
0010010110
1110011101
0100100001
0000010101
0011101111
0011010011
0001100000
0001111100
1000001000
11*1000110
1101011101
1100111101
1110011011
1*00001011
1100110000
0101111010
*011101000
1011111110
1100101101
0000*10100
0010011001
1100000010
0111011100
0111110100
1000100101
1100101000
0111111010
1000010011
1111100111
10000*0010
0011111010
100100*111
0101111100
1101010010
1011111001
0000000111
1010001101
0011000011
0111001111
1011100001
0111110000
1111100011
101001011*
0010101000
0*01011000
1110101000
0001100111
10*1100100
0111011110
0110110000
1000110*10
1010110*11
0110010100
0101110110
1000111101
0100000110
1011000000
1100110010
0001011011
0011101101
0011100101
0001111011
0000100000
01*0001001
100010011*
0110101100
1110001111
010*001010
100001*000
1110111111
1*01110101
1100110110
0000100011
1111010001
1010101001
001011*111
110*010001
0000010110
1011011101
11*1111101
0101001001
0111001011
01111101*0
0101101011
1110000011
0010011011
0*10111101
1101100110
0100000100
0011110111
010000*111
00111101*0
000*110011
0110111101
000*100010
0111101100
0100000001
10011*1110
1001011111
1001101010
1101101111
1110000100
0010011100
1000010001
1010000101
0100100100
1001000101
110001*011
1000010111
0111111011
0001111110
1010111010
00*0101110
1000101010
0010111000
00000*1000
11110*1001
1001010110
1101111010
0111001001
0111000111
0001110010
1010000000
0001110100
1110*01100
00001110*0
1001100100
1100111000
0100000000
0000111110
001*110001
1101011011
1010011001
1110011001
000*001011
1010001011
0000100001
1000000101
1000111111
*111100111
0100011111
0110001010
1111100100
1100011100
0101110010
0110011110
1110100100
1110110000
1000101001
0000101110
0110001101
1100001101
1100010000
00*0010011
1010111111
1101110110
0110011011
0001010011
0011110100
0100111110
0100011110
0001001000
1111101*00
1010011111
1110011*11
1100010011
1101000011
1011010100
1001100110
1111*11100
0011000100
1001000011
0101100*10
1010000100
1010111101
0011010000
1110101010
000110*111
0011010100
1100101010
0110010*00
0111010001
0101100100
1001100101
1111001100
0101101101
0010111001
0111101101
0100010010
0001000110
0000101100
0101110011
000011*001
1101100011
100110011*
1100000111
1100101001
0100101010
1110000111
0011110101
0000101111
0100110100
1000001110
1011001010
0010100010
0101100101
1100001001
0001110101
0100110001
0001111000
*010100101
0000110011
1000010110
0101011111
1111011000
1010010010
0001101001
1*01101010
000000110*
0011100111
1100010010
1001101100
0111101000
1001001011
1101101011
1001001001
0001101010
10110111*1
0101110001
1001101101
110*101011
1100110111
1010100*10
0110110101
0101110111
11*1100000
1111101101
01010*0000
1011010010
1100000100
0101011100
1100100011
110*011001
0110110010
0001010101
0100110101
0011100000
0001000010
1001011101
0010001001
1001111111
000011*001
1101010100
1010000011
0000011111
1010100111
0110011111
1010001010
1011111000
100011011*
01000*0011
1110000010
111011*011
0011100100
1011011000
0011*11010
1001111001
0010000111
1001101111
1111110*00
010100*110
10111*0101
0101111111
0010000110
0100010111
0111110010
0*10010111
1000011110
1010010011
*101010100
1010011010
1100100110
1000000*00
0111010011
1110111100
0010110100
1101000010
1101111000
0100000101
11110*0110
0000101001
1001000001
010*100111
1101110010
1100001110
1011001011
0011000110
1111011001
0000100110
0011001110
0010100111
0100100011
0101001100
1100011010
0000010000
1110*10111
1010011011
0010010001
0010110011
1000101101
0110110001
0111011000
0111010100
1111000101
111111*100
0010011110
0101100000
01111110*0
0001001110
0111010010
0100100010
0100111011
101111011*
1011011011
1011101011
1000111000
0100101000
1111001110
0001111111
0110100000
1110101001
*110010011
1110111010
1001100011
1010110100
1010110111
0100001100
0011*10110
1100101100
1011111010
1001000110
0011000001
0101111101
0000101101
0101000001
0001100011
10100111*0
0101010011
0001011000
0111011001
1*01000111
0000001110
1001010100
1111110001
0101001101
0011001010
0100100*11
0100010011
1110101111
1000000000
1010001001
0110110100
1111111000
0101101000
*000001001
6 30
101001
0*1000
111101
001100
*01101
0111*0
1*0010
101011
011111
101010
110110
100011
000*00
110111
001101
000100
010*11
10110*
000110
100100
101111
001001
010101
111111
1*0000
000010
0001*1
110011
000111
011110
9 236
000111001
101111011
110000111
101010101
100010100
000111100
001*01010
011111101
100111100
101011111
1010000*1
011001001
001101101
100110010
1101*0101
000100111
1*0101011
000111111
100011111
011010010
000010101
01101001*
101100011
110010011
100111000
101110000
001001111
001010*11
00101*110
111110000
*01000101
0*0101100
10111*110
101001110
011111111
111101111
111101101
010101001
00*000111
011110011
010110010
001111100
001011101
010000011
100111110
101001111
000011000
011101001
000011011
100000011
101100100
00110001*
000110001
011101000
0111*0101
010001010
00*001000
010001011
100101100
011011001
011100011
101000101
111000010
111101011
00*011111
000011010
011*01011
*00011011
000011110
011101101
010000100
010110001
101111101
001100100
01*001111
001010001
100110100
110010100
010011101
010111001
100001001
011100010
101100111
*10101011
010110011
01110000*
011000010
10*100110
110101010
101101101
101011011
0011*0110
10101100*
100101000
111010100
000010111
001010101
*10011111
001100001
000101011
110110001
11110010*
100111111
110100011
001101100
101111001
110010111
110101111
100110110
110010000
100010001
011000001
001110010
000010001
000100101
011*10110
001111001
000110000
111000101
011110111
010010001
100011110
010101110
001011111
111110001
000011001
101*10000
011100111
100100101
110001001
00011011*
111011111
0110111*1
00000101*
100101010
110111010
100011000
001111*00
0100*0010
101010111
001000001
110101011
111100011
0000*1001
111001111
101110010
100011100
111110101
001110011
111000100
011101011
101010110
010111000
11*010111
1110*1000
011010001
010100101
001110100
011001101
111000111
010100100
01001*011
001110111
101000001
11101*001
1101010*0
010100011
001000*10
011*11010
110100101
11000*001
000110100
110110000
0011*1101
111111101
111100110
000101101
1*0001110
011011010
0100*1100
101101010
101101100
000010110
001101001
111001010
110110111
1111011*0
111100000
110110110
000*01001
010000111
111110100
011101111
001111*10
10110*001
010001001
*11110000
011011100
100011101
001001110
*10100111
001101000
011100110
011001111
101101111
100001101
100110111
011111001
001100*10
010110100
110001111
100110000
110101110
110110100
101101000
1*1101000
1*0011010
000110101
100010010
010100001
110111110
100110001
110000000
010000110
110100110
101010001
011101100
100100001
011010101
110110010
110100010
01100010*
101001011
000101100
010000101
000*01100
4 8
*001
1011
0111
0011
0110
0101
1001
0010
6 31
11101*
011011
101111
111110
111001
10*000
010100
101001
110111
1100*1
000011
011101
100100
01*110
100010
100000
100111
001111
000100
*01101
000000
011000
100101
000010
0*1001
010011
110101
0101*1
101100
01100*
100011
10 421
0100110011
1000001011
1010101110
0011110111
0101001011
1111110110
0001011101
0100001100
0011111011
0110001000
0001100000
0111011101
1*01100011
1111000110
1101010010
1101101000
0100011010
0010100101
0110001010
0110001101
1001011100
0010011101
10101111*1
0111110001
11*1000111
0100100100
0001111101
0110011101
0000110110
1*01010011
0001101101
11100011*0
0111110010
01*1111101
1010011010
10*0101001
0010011010
0011011111
1101001110
0101110110
0000000101
0000010000
0000000011
1111011010
*111010000
0001111111
0001101000
0010110110
1001100000
0101010001
1011000100
1000110111
0011010111
0110100110
0101010010
0101100000
0*11100111
0111000001
0010010101
1011000101
1110010111
1111001111
1111100100
0110111101
1111000111
1111010100
1111111000
10100*1010
1011010000
0000110010
1110011*11
1111101010
0000111111
1010100000
0111011100
1100110011
*011100110
0010101101
1010100100
10101010*0
0000101001
1011111001
1111111001
1*10110010
0100100011
0110110000
1000101101
0100111001
1011000000
0111001010
0*01011110
1100111111
1010111010
1110011110
00100*0100
1010010110
0100001001
0011101101
1001101011
1011011100
1010011001
0100001000
0111101101
0001101110
1011010011
0111100110
0*01001000
0110100011
0010000001
0110011001
0011001101
1101100111
1111011111
0001001*11
1011100101
0101010111
0010001010
0111110110
0110011111
0010000010
0010011110
0011101011
1010100001
1001110000
1111*10000
1000000110
0011111001
0001101001
0001110010
0000101110
1110010000
1111110001
1011110000
0100011100
1001*01111
1100100110
1001000111
1011111000
0000111101
0000111100
0*11000110
1000111000
0111001001
11001111*0
0011101010
1100010100
10011110*0
0110110110
*110010100
00111*1111
0100101101
0111*01111
1010010100
0011010110
1101010101
010*111101
1001100111
0001000010
0110001111
0110100111
*111111100
1110100010
0001000000
1011010100
1101001101
1110110101
0001010010
0000100010
0110010101
1111000001
0000000110
1100000101
01*0101000
1011001111
0011110000
1101001100
0011*10011
1111001000
0001100001
1001000011
1000101011
1010001000
1001001001
0000001100
0110001001
0010101001
0000001001
0010110001
11*0000010
1100110111
1001011110
0010111000
11010001*0
1000100111
0101010110
0101011100
1001011000
1111100001
1100100011
1010000101
1010101111
1000011101
0100001011
1110011101
0110100000
1110110010
1110011100
0100111101
0110101101
1001110010
0101101011
0101011000
1110111100
1100001000
1001011010
0001101010
1111000000
1011100100
1010110011
1010110101
0111111111
1010100101
1000111111
0101000111
1011011010
0011000011
1010100011
0000101011
0111110000
0000011010
0010000100
0010011000
*100000111
1101010100
0101010100
1111111100
*110100011
0001110111
0011111101
1110000100
1101010110
1000000000
100*011010
101*011110
1000111001
0010*00111
0111011110
0111011010
1101101010
0101111100
0100011011
0001110001
0110110111
0100111110
1101010000
1011111010
1000010101
0*10100100
000000011*
1111001101
110111*101
1111111010
1000001111
00001*0100
0111000010
1100000000
1010100110
0010011111
0011110010
*111101111
0100111100
101111101*
1*00010011
0000001111
1011101101
1010001001
1011101110
0001100110
0000010111
00111010*0
0011110001
1101001111
1010111011
1010010000
1100010110
0101111110
1100011111
100*000110
0000010011
0000101010
0110101010
000*111000
010010101*
0001111001
1010101000
1101001010
0111111001
101000110*
0010010000
1111011101
1100011001
0100010001
1011101011
0110001011
1100*01101
1000000010
1000111101
0111011111
1000001001
111000101*
01000*0010
000*101100
1001*01010
1111*10110
1100000011
0100000101
1000111010
0001110100
0111000111
1000100001
0110101110
1101011010
1001000101
0011011011
01110*0110
1101110100
0010111110
1100000100
111*100011
0010001100
0100110101
1101000001
11101*0111
0000100100
0011001100
0100011111
1111010111
1000001000
1111001011
0011010010
1111011100
1010011011
0001010110
0100110110
1110100001
0110101111
0000011110
*010110001
0010111001
1111000011
0001001100
0110110010
1100001111
1111001100
0100000010
0101111001
1000110101
0110010110
1000011011
1110101001
0110011010
11011*0101
11101100*1
*001101001
0111001111
0010101000
1100100101
0010111011
1001101111
0000111110
1111100000
1000011001
0110000001
1011110110
0011001110
1101000101
1001110110
0101000110
1111010101
010011*111
1100011011
1101011100
0011010001
1101001001
1000000111
1011000110
1001111110
1001100011
1110001101
1011000001
0100111010
0101101101
100*111110
1111101100
1001010110
0010010111
1101011101
11*0000000
0110111010
1000100101
1101011111
1000000001
111*011010
0001011110
1000101111
0110110100
0000001010
1010111000
0101001000
0000100011
1001010001
0011111000
0001010111
0110000101
01011010*1
1110101101
1110111101
1011*00000
0110011000
1111001110
1001100100
9 175
001000100
110110100
11*000110
010100110
010111111
*10110001
101011011
001111100
001100111
110010101
010000011
110010000
101010101
100100001
101010001
111010010
100001111
101111010
111111110
011100001
011100110
0111000*0
101011110
101101011
101101010
001001010
1011*1111
010100000
001000000
101000100
100010101
011000000
010011011
000011000
011011100
110100000
010011001
001101111
001010001
101101110
001101000
101000000
001*00110
0010*1101
101100010
110011101
100101111
010110001
110001110
011011111
111111100
011011110
100000101
010111001
000110010
011110010
110100110
0110110*0
00010000*
110110011
010001010
*00110011
100010010
110101100
110000100
001000111
111110000
100110101
100010001
100000110
101100110
100111010
101001111
101000010
1000011*1
100*10000
011100000
100110100
001101010
110001011
101111011
001110111
011000100
010100100
000*00100
000001011
00001*000
10*011110
001001110
011000110
0010*0011
010111110
101000101
111110101
100100011
001011111
*00001010
100001110
100011001
000101001
101000111
01100*011
100010111
001111101
011001000
010111101
100101001
001001111
111100110
101000001
111001010
011001101
011000010
110100111
011001111
110010010
101110000
101010110
0111101*0
100111001
100100000
010001111
1010*1100
111111011
010000111
111100010
0*1000101
110011100
000111110
010000010
100111011
111001110
011101110
*10001011
001111011
100101101
100011011
010*01001
001000001
111011110
000101100
011101011
111101101
11001*111
110000101
110111110
110111001
010010011
01011010*
101011101
1111*1001
111000111
00100100*
01*101100
001001011
011100101
000110101
111010000
110010001
000100001
011001001
001010100
010101010
111010111
001100001
101100011
110001000
001101101
*01100011
010101110
111010101
100000000
*00101010
000011101
011111101
4 3
0100
010*
1101
1 1
0
6 13
101001
000110
000111
*00001
101010
0000*1
000001
011111
011001
011011
111110
011000
100010
9 22
110101100
011011101
110100111
011111001
11*100010
111010110
000111011
001101101
110000111
110101001
101011110
000010100
000000011
001101001
0*1001110
101010101
110110111
01*010101
0101*0111
010001101
100110011
11*000011
4 2
0101
0111
10 12
0000000100
0001100110
1000110110
1000001010
1010111000
101*011101
0000110110
1000100101
010*101010
1010101101
01*1100101
101*111010
5 7
01001
00000
10011
01010
00100
11110
00001
7 28
1011010
1100001
*100011
1001000
1110111
0011100
1011001
0110001
1101001
0100111
0001011
1000100
0000011
0001111
1111101
0010011
0101000
0010100
10*1101
0100000
1010100
110*110
1001111
0101111
1111000
1011111
0111001
0110100
1 1
0
6 31
010011
011001
101111
110000
110010
001000
100110
010101
101011
111110
000010
011010
100001
10*000
011101
010100
000101
110101
100010
*01110
110100
111100
010000
010010
001011
000001
00*110
010111
111111
0*1001
001*11
6 10
001111
000111
110111
10011*
111010
001011
10*010
101000
111001
000101
6 8
100111
011101
00101*
011001
010010
101100
011000
100100
2 2
*1
01
3 1
000
10 40
0011011111
1001101011
0011010010
1100100011
1100011011
0001011100
1111101110
1110100101
1010000110
1010000010
10001101*0
1110110111
0000100101
0101111010
0101010011
10*1111101
1111010101
0100011010
1010011001
1101101110
0010111100
1011101001
1001*01111
0011110001
1111110100
0101110000
1001101*10
1111100100
1111110111
0110110000
0111100010
1010000*00
0100011001
1111101100
1101001001
0001010000
0001100110
*010101010
1101011010
0110101101
7 41
0101000
10010*0
0011010
1100000
0110100
0110011
1001001
101*101
0100101
0011110
1110101
0110101
1110011
0010011
0111011
1111011
111000*
10*0001
010*110
111100*
0001010
101111*
0010001
0001101
0011001
0101001
1101011
110*000
1111001
1101110
1000011
1000001
0000010
1101*01
1110100
0111101
1001111
0001111
0101101
0111110
1111010
9 126
011110011
111101101
101111110
101111111
100100010
101100101
110101010
010110000
101001001
011010000
0110*0010
101010001
001100100
000111111
0110*0111
010110101
101100*00
0101000*0
000000101
010111111
100010010
111001010
1*0100001
111100011
001000011
110100101
100000001
111001110
100010111
001*11101
010111110
001101010
110110101
010010010
1000*0000
*01101011
110100100
1111001*1
110001010
100111100
0*1011100
000001100
0101*0010
101110000
111001111
010000011
111010101
011011101
001001010
011111000
111101100
110010011
000111001
001100010
010001101
001111010
0110*1011
111101000
100*10110
001111001
011111101
010111010
000100100
000100011
010110011
10001101*
101*10101
011001010
100000011
100000110
101000000
110110110
000000011
111*10010
011001111
*01011110
10110001*
000010110
100101000
111000001
101001000
000*01000
*11010110
110001101
111111001
000000111
011010010
110111010
101011111
10*110101
111010001
1100100*0
10*000101
111111111
110000101
100001111
111000110
*00101001
000100101
110101011
101111011
001110011
01001*101
111000101
110100011
111110000
111111010
100100111
010001100
100011001
101001101
101101000
011100010
001011101
101001010
*10110001
110101*00
010100001
0010*0100
100101001
*10110010
100000000
000110110
00001*101
011100101
000101111
6 12
111110
*00011
100100
001000
*00000
100010
*01011
110000
1*1100
000101
101110
*11011
9 219
010111110
101110111
010100100
011000101
011011010
100101111
110101000
101101110
11*011011
01*001000
010001101
000101011
101110001
111*00111
010000101
0*1110100
011001111
010011111
100101011
010101100
010110100
010010011
101*11001
110110110
101100101
110101111
000011110
100110100
011110101
10100*101
011000000
110111111
001100010
100001110
111100011
001010010
010100010
100001011
010011101
100000100
111011101
111000101
110100000
011001010
000100100
1*1011100
110111110
000111100
010001100
111110110
001010011
111110111
011110000
111001111
011100000
100010111
010111101
101100*00
000*00100
11000*111
00101110*
01110*000
1110*0110
110111101
101101010
000111101
1001100*0
111010111
100101100
000101111
100111011
000100010
010000*01
100011100
010101111
110001001
011100111
000110011
101101101
1*0010010
101111100
110001110
001101101
100111110
110011001
001011000
011111101
00001*000
010000110
110001011
100010001
*11000100
10000*101
101110010
010011000
101001011
111101*01
001*00001
11*010001
001010111
101010101
010010010
001001*11
101000100
100010110
010001001
100111001
01111101*
101011011
000101010
011101101
101110000
001010100
000110101
001000111
010010000
110110000
111100110
001011111
100100001
0*1101010
110100101
111010000
010111010
000000001
*00110101
011111001
110110001
10000111*
110000101
001110110
001111111
*10010011
101100011
000100001
111010101
011100011
001111000
001110101
0001*0110
011100101
000111010
001000000
100*00011
010010110
001011101
000011010
010111011
010110101
000100111
001100001
101111110
000011101
001000010
001001011
*11000010
110100111
111010100
000011100
011010111
010000000
011100001
10000100*
110000100
011100100
111100111
011001011
101010100
100000111
011011100
011111000
010001011
011110111
111011000
10001*011
010100011
101001010
111011100
0*0110000
111000011
001100100
100010101
000*11011
011000111
100000010
110111100
000001100
010100*01
011101010
100011010
111001001
101100111
100011000
100100110
100101001
100100111
101001111
111011111
011101011
001000100
101101001
010000011
001001001
010000100
010101011
111101110
000010100
11*010000
011011111
100010000
011111011
010101010
011101110
*11010110
101011001
011101111
000001000
010110011
000010101
3 1
110
9 149
110011100
000111000
110011101
000*00100
011110010
101101001
101000100
011011101
1*0010101
100111011
000010001
101011010
101111001
111111010
001111000
110000000
011110000
111010111
110010110
11110*111
101000001
010010111
110101101
100000*00
0100111*0
111*11000
101001000
010001111
111111011
001110010
100101101
111100001
0101101*0
010001*01
1*0100000
011001100
100111010
011001010
111101011
011010100
000001011
000101100
100110101
000111110
010000111
100111100
100100011
110010100
111111100
110110001
011101100
011110011
101010000
000101000
111000000
1000*1001
101010101
01011100*
010111010
110001110
000001110
101011000
101010100
*11101001
101001101
010011101
110111100
111100110
010100100
110110101
100*11101
110001111
110100010
110101100
001110000
101010010
001011001
0100*0001
111011110
001111001
0011*1011
001010001
010101010
100001010
100000001
101011100
010011111
001001011
000011101
000000001
110101000
101010110
110001101
111000100
110110000
000111100
010000001
001100001
010011011
101*00110
111010110
101100000
011111100
110100000
000010000
111110100
110111011
001000101
100110111
010100000
010001000
000011001
000101110
11011111*
*00100000
*11001111
0011011*1
01101010*
010010000
010011100
101011111
000100001
101110000
010110000
100110001
000111101
0*1010011
110011111
001101110
000011111
110110010
00*010110
010110010
111101101
111100100
0010*1101
001000010
001111110
111010100
000110101
000011110
100111111
100110011
000010010
111100011
100111001
001011111
010000100
101111011
2 1
10
1 1
*
8 27
10011000
01110010
00100000
01001100
10000000
01011001
1111*011
00011001
00001101
100101*1
10111111
00100110
01111*01
01101010
00001110
11100100
10111011
01110011
11010011
10001010
0011*000
0*001010
11011110
11010100
10110101
10100010
00100101
5 9
10000
01011
11111
00111
11000
00010
10*10
10111
0*100
2 2
11
01
7 23
0101111
1011000
011*110
1010110
0110010
01101*0
1100100
0000101
1001101
0100111
0010010
0101001
0111100
1101001
0110111
1000001
0111010
1100101
1001001
1001111
0000010
1101111
1000000
8 53
01100110
10000111
1001000*
011110*1
01011011
01101001
11101100
11111011
1*110111
10010101
10011100
11010011
11000000
11000100
10001111
00110110
*0001110
10111010
11110011
10000101
00010100
00000100
10101010
01101000
00101100
11111110
11101010
11110001
00011111
00100010
01001110
11111001
11011010
00110111
11011011
11010110
10101*11
01011*10
10111100
01000101
11001111
11000010
11011000
10011110
00100101
01000010
01001010
11001101
10100011
11100101
00111111
00000111
10001101
4 7
1100
1101
0101
1011
0111
1110
0100
2 2
1*
01
8 77
00101110
1110010*
01100001
00101100
1*101011
01000110
000*1000
01001111
01110011
100*1000
01010000
10100110
01111001
00101000
10110111
10111111
01100011
00010000
00011111
11000010
11001111
01110111
11010000
01011110
11110101
11000100
10001110
10111011
00111110
01100101
000*1010
01111101
0*101011
11000001
11001000
00100001
01*10110
10110100
00001111
00000111
11110000
00010001
10110000
01011100
1000*000
00000010
10*00011
01110100
00010101
11000101
10101001
00*01010
00111011
11010011
011011*1
111*1111
11110001
01011001
10101100
11*10100
11101010
00101111
111000*0
1*111100
110101*1
01001110
01101101
1*100010
11110010
111*0111
10011100
1*001101
10111100
00011*01
10011110
00100100
00111111
8 44
00001111
0011*000
01110011
00000010
01010000
01100010
00100010
11111000
10101100
01110100
00000101
11100110
10101101
10101010
00011011
01011110
11001011
00101010
00000111
10000010
01100111
01011001
0000000*
01001110
11111110
00010111
10001110
11111011
11000010
01001111
00100101
10100111
00010110
1100101*
00110010
01110001
00111100
10110001
11100100
11111010
01011010
10111110
10000000
01111011
8 18
00100011
11010000
01100001
00100000
01*11001
11101010
10010101
00111010
1*001010
100*1000
00001001
11001101
01101101
10100111
01001010
0111111*
10011111
10111000
9 197
100111010
100011*10
110101110
001111111
001011100
100*10010
011100000
*01110001
000000010
10000*000
001100111
1101000*1
11100011*
101110110
010110100
101110100
1111000*0
001001010
001001000
000101110
010111110
011000010
000111010
101000001
000110010
000110011
1110*0010
101111101
1110000*1
10011010*
11001110*
11*100100
100010110
00111110*
010110110
101001000
001101001
100100111
101110101
110111000
01110*011
000011000
001100101
0001*1110
000100010
100111001
11011*001
001101000
101111011
010001011
100101100
000100000
011010100
*10000111
100111100
001100100
101011001
100000000
011000100
011010111
101010011
100001111
011110001
010100001
100100101
101000101
111110111
10011001*
111100110
101011010
*01111010
111001101
110110111
110101011
00100*101
000011011
100111111
010100110
010000010
1*0111101
0*0000001
*01011101
01*010110
110010001
000111000
011101110
110001001
100000111
01000*001
100101111
010110001
1111*0001
001100011
101000010
1010*1100
000100100
110010110
001001110
100000001
111110110
100010100
10*010101
101011100
000000000
011001101
001000100
0000*0110
111101101
001100000
100101001
110001010
010000100
000111001
000110000
001010010
010101*11
010001100
101100110
111000101
000000001
011001011
000000101
110001011
110110110
001010111
100011100
101101110
111101010
010010101
100100001
111001110
000010111
010010100
010011001
110011000
110111100
100011010
000110111
011101011
110010101
10101101*
1*1000011
001111110
01*001100
101100000
011000110
0110*1010
110011101
01*101101
011100100
111101111
101001011
100*01110
010100000
101101100
000000011
010000110
0010*1000
1000*0101
111*01001
001110010
101001001
000000111
101111111
010100111
*01011111
011010101
011000111
101001101
100000010
001001100
110000010
011011000
000100001
000001011
010110010
001000000
001000001
100100000
11111100*
11010001*
01010*100
000001111
001110101
001011011
100010011
000101001
111000000
000010000
100110001
1001*1010
10010100*
100110111
10001101*
100100110
110111110
011110011
8 90
01010*01
00010111
01001111
01101011
01011100
0*100000
01001000
01010000
001001*0
10011110
11000101
10100000
01111011
11111101
1101*001
11110000
00110011
10111000
01001101
11110100
10011010
11101111
10111101
01010101
10110011
00111011
00011111
01100000
11100110
0*101001
01110111
00011010
11010010
11000110
10111010
*0111111
01010100
0*011100
00111100
00*01001
01101001
11100000
10100001
11001011
10101000
*1111010
01000000
00100010
11011011
00000100
10111111
00110111
01011101
11111001
01110101
00110000
00*00000
10110100
00000001
01100011
*0111100
1000001*
01000010
11011111
01011010
111000*1
00010010
10010011
01100010
11001110
11110001
10011011
101*0101
00101101
10100110
01110010
00001101
01111101
10001111
10011100
00101000
01000001
*0010110
00101110
11100011
00010000
11011101
10011000
11101011
11110111
7 1
1110111
10 438
1010101101
1010101100
1110110010
10*0001100
1011001000
1000000010
001101001*
0010110111
1100101101
0010111100
1111110101
0110000001
0010110011
001111110*
1110101010
0110001111
1110011110
0111011011
0001001010
1101000001
1110100011
1101011111
0011001100
1110101101
1001011011
1100010000
0001000110
0111000010
*010000100
0000101110
0000110001
0110011101
0101011000
1111111000
1101011101
0110011110
0110100100
0000111*10
1101011001
0010010001
*010101110
0001110000
10*1110110
10101*0101
1000100010
1100011000
1000111011
0101110101
0101010101
0100001010
0100110010
1000111110
0010100010
1110001*11
000*100110
0011111101
0101111110
1000011001
1110011111
0000011110
1110110101
0111000111
1111110010
000011111*
0101110*01
0001101111
0000110*10
1010111110
1011110001
0101100010
1100110111
0001111111
0100110110
1111101101
1*10101111
1110100001
0111011010
1011101001
101110001*
0111001001
1110111001
1000101110
1111101000
0100010011
0110010010
0001001110
0110101100
1010111100
*111110001
1011000011
0110011001
0101111101
0*11101010
0001011010
1010001*01
10*1110001
0110010000
11010*0100
0110100001
*000110011
0000100100
0111101010
1*11100110
0001100011
0110011011
01110*0111
0001100000
0011110110
1000101101
000110001*
1001001001
1110101110
0000*00000
0011000001
1100001011
000*110111
0100011011
1001111100
0000110011
1101010011
1000100100
10011100*0
0010000000
1010101011
0000111010
1111000101
1000101001
0010100011
1001101110
1010011000
1001010100
10011*1011
0111001110
1110010000
0001010*10
1000101010
1101001001
1010110001
0101101100
1101101010
1111100111
0000000001
1111110100
01001110*0
1110001101
0001110100
1101110111
0001101101
1000110101
0100001011
1011*01110
0010111010
0111101100
*100101011
1011101010
1011*11110
0101101011
1*01100011
0001111000
1001111000
1110001011
0110101001
0101011100
0101010100
1101111000
0010010111
1110000001
1*00111111
0100010101
1110110100
0011010110
1111110000
1001100010
0011100100
1001111111
00011011*0
0111000000
0000000010
1111100010
1010110010
0100011010
1101111010
1110001000
1100000000
0001101*10
101101*000
0111011111
1111010100
0101011110
0000001100
010000*101
1010100110
0100*11001
11*0101011
11001100*1
1000110100
1011111010
000001*010
*001101100
1001000001
0010010000
1000000001
0100101001
1000101111
0001011101
0101110110
1100010011
1001000111
0001111011
0100100100
0111100010
1010010*11
0010001100
1001000011
0010100111
0110011100
110101000*
0011000111
*000010111
1001011110
0001100100
1001111010
0001111001
0001110110
0010101011
0011000011
1110011010
1000100111
1111000011
1010000110
0101101000
1111011011
11101000*0
0111111110
1010100010
0000101010
0010100000
0100011001
110100011*
0101101111
1100100100
0001000111
0110101111
*000100010
1111110001
1101110101
1111101111
0011111010
0101010000
1100001*10
1001010010
0100111011
1001111001
0011110011
1000001001
1100111100
0*00010000
1011100011
0010100110
1000111000
1110000111
1011000000
0101000011
1101000000
0000011101
0101111111
0111011110
1100001111
1000001100
1101101001
1100110100
1000010111
0001011011
*010111101
0110111010
0100*00011
000*000100
0001000101
10101000*0
1010000111
0011110101
1010001011
0011100000
1001001010
0101001101
11*0011100
1111001000
0011100011
0100101101
0000000101
1100101000
0111011001
1101*00110
0111101110
1*11111011
1010010001
0*01100101
1010110*11
0111100101
0010000011
0101000110
0010110000
0110001001
100001*010
0101111000
0001101010
0100000001
11011110*1
0111110111
0100111111
0000000111
0110100010
0100011101
0110000110
001111*111
1100*11011
0011011110
0001011000
1000001011
0000100001
0100111010
1010100100
0001010101
1001110011
1010101000
0000101111
0111100100
1011100100
0001010011
1000111010
0011101000
0010010010
1101110001
0100100*11
0100110000
0000001010
0001100111
101*000100
000*111110
1101100010
1101100000
0111111011
0100010111
0000111101
0010011101
0011001011
0111111100
1110110111
0110111000
0010011110
1101011100
1011011011
1010001101
1111010001
01110*1101
10010*0000
10111*1101
1111101011
1101001000
0100000000
1110111100
0100101111
1100000110
0110010011
1110000000
1101110110
0110111101
*000110110
0100100*11
0010011100
1010010011
1100011011
0101100011
11001011*0
100000*000
1110011011
1110001001
1100*00001
0100110111
1100010110
101111011*
01*0001010
0011111011
1000110000
1001011100
1001110000
1010001111
00100010*1
0000010011
1000011011
0100101100
0001000010
0011000000
1001010011
1110010110
1110100100
1101010*10
1001100100
0001010001
0111111010
1000001101
1110011000
11*1101000
0010010110
1011000001
1010101111
0111100001
1011001100
1000110111
1011110011
1011011001
1101011000
1111000110
1101000101
0101101001
0000001110
0001000011
1100*11100
1010111111
1110000011
0101111100
1011111011
0001101011
1001010110
1101001111
0100100110
0011000101
0111100111
1*00011110
01100010*1
1*11001010
*111001011
0010010011
0101000001
0111001111
1000001010
0000000100
0101011011
8 64
1*011110
10010011
01101011
01000110
00101100
11001010
11110*10
000101*1
11100110
00001000
01100001
10010100
01010100
01000001
11000101
01110100
11011001
00001101
00111001
11100001
01001100
00100011
11111111
01001010
00101010
10*11110
0*000010
1000010*
10001110
01100000
10100000
10000110
10100111
10011000
00101101
01010111
0010*101
10000010
101000*1
111110*1
00111101
10001010
10010101
10100100
11101010
10111000
11101101
01011110
00100*10
11111110
0*100111
01100101
11010000
00011100
110*0000
11010010
11000100
01000111
01110111
01011100
11111010
01111001
11100101
10011001
2 1
00
2 1
10
6 8
101010
110011
101101
000110
110101
001100
11*010
000000
10 141
011*000000
1010110100
1101011010
0110001011
11*0100001
*000101011
1110011001
1001110000
10101110*0
1110001011
1001100001
1110011100
1111010001
1111111010
1100111000
0001000110
*110100010
0000100110
1100010010
1011100000
1100100100
1100101110
10*1011111
1*01101010
1110100101
0110001110
0100001011
0100001000
11110011*1
0101110001
0010101000
0001101100
1100101011
1010011010
1100011100
1100011000
0110011110
1011011010
00*1111010
1100010101
0000100111
0000101100
0001101101
1*00011010
101*000010
1001111100
001110101*
0000001000
0110100011
0101110101
0101111101
1011111000
*010101110
1011010101
0001111100
0111110111
0011110111
0000011*11
1010011000
0001011101
01100*1001
1100111100
0011111010
1001111000
1101100101
0010010101
1111110011
0000011110
1010101010
*001100111
0011100101
0010011011
1010110111
0010110011
0101000011
0111101100
0000010100
1011010100
0101011110
1111100101
0101010000
0011110*01
0101100101
0010101110
1101101010
0010110001
0*01110111
0100100000
0010*00111
1010*10011
0101111010
1101101000
1001110010
1111011010
0010100110
000*111110
1111100100
1000000010
1110100111
1011010111
1110111*11
001*100010
1110000101
0111001101
101001*011
0111101001
1101110001
1111101111
1110000110
1101111001
1100100001
000*111011
1111110111
1*01111110
1100100000
0100100100
00*1101100
1110000111
1110010001
0000011000
0000000001
1011110001
0011101111
1001110111
1101001000
1111011101
1010101001
1000000101
1110111111
0111010000
1111001011
1111010110
1001000100
1100111111
1001000001
0100110010
0111011110
0010001100
0111011011
1100001000
1101011011
10 177
0111001001
1010000101
0101001010
10010*0110
0010011010
0100111110
0000010*01
0*00000100
1011100011
0011110101
1010000010
1001000000
0000100100
0011100001
0110111011
0000001010
*010010010
1110110011
00010001*0
0010010011
0100010111
01010110*1
0000111110
011111011*
1011000001
010*101011
1000001101
1101*00100
0010111000
1011001111
011*011010
0111011100
0100111011
0111011000
1110001101
1011010101
1000*01111
1100000*00
0000101011
101*100010
1000000110
1101010001
1101110101
1100100001
0101001001
1011101011
0100011110
1011010111
111000001*
0110010001
11*0111001
0010110010
0001111011
1011110101
0101011010
1010*01010
0011001011
010000011*
1111110011
0000000111
0000000001
0110111100
0010001011
0100010101
0111101100
0100001101
1001100100
0111110010
0011100010
1110001100
0111010100
1010011111
1001101*00
1010001011
1111100000
0010000111
1000010000
1111010000
0000011000
0011001101
0001011011
1010101111
0010001010
1001100111
0011111*11
1110011110
0111100001
0111100110
101110*001
1101110000
0100001001
11001100*1
0011101111
0111000010
0000101101
1110011000
0000000010
1100011110
1000110001
1010010100
1001110001
1100001111
01111110*0
01011*1000
0010110100
1010001000
10*0001110
1000111011
1010000110
0010111101
1000010001
0111101001
1110111000
10*1100110
11110*1000
1110100010
1111010100
0000010*00
1010011100
1110100101
0*00011011
0011*10010
0000111010
00*1001110
0110010010
00010*1111
1010110010
101*101011
10*0111111
0100111101
0001000001
0010011101
01111110*0
0101010101
1010011001
1100100110
0011001100
1101*11001
1111011101
1100001110
1001100101
0101001000
1110100111
101110010*
1*11000111
110000*000
111*000011
1010101001
1000110010
0111100010
0101110100
1100111100
0001001000
0100010010
1100010111
0000110011
1100011000
1000100000
0111011010
0011101000
1101*10101
0010111010
1110110001
10*1110110
1111101011
0110000111
1110011011
0110000000
1000111010
0101011001
1011011111
1001*10111
1100111111
0101011111
0000010111
111100100*
01010111*1
3 4
110
000
111
001
10 338
1101001110
1000011011
0111100101
00111001*1
0010001111
1110011110
0010110100
0010000100
1111110100
10110*0010
1100001110
1001000010
1100001101
1101011100
1000101110
1010000100
0001001111
0001101111
010011*101
1000101000
0100010010
1000110101
0*11101110
11101100*0
1010*11110
1101000100
0000111011
0000101001
0101001*10
0110011001
1*00100010
0100010101
1001111011
0110100100
0011011100
1001000111
1001110110
0111111100
0010110110
0110010100
0111001111
0010111000
1111100100
1011101100
100000*110
1100100011
0101001001
1010000010
1010100111
0*11101001
1011100000
0100010111
0101101001
1110010000
0001111010
1010110000
1000010101
1110001100
0110101101
1101011110
0010110101
1010011011
1101001001
0011110100
1011110000
1100010011
1000111110
0000000011
1000111010
01011*0011
1000010111
1011000000
0111111111
1101100100
10101*1110
1101010101
0111000010
0000010011
1011010001
1111011101
0110011101
0010001110
1100000100
1110011011
110010110*
0110011*11
1001010110
0101110101
1111001110
0001011001
0111000011
1010110010
0111001010
0001010111
1101010010
0000111100
0101110111
0010001101
1000110001
0001011110
1111011001
1101101111
0000101101
1100110011
0011100100
1010011010
1010000101
1100100001
1100000001
1111111101
0111101010
1101000101
1100111110
0101000000
0010100101
0001111110
0010101111
1001011111
0111100000
1001110111
0011110101
1111110010
0001000000
0101000011
0000111110
0110100010
1011011100
111011*111
0100100110
1111100011
1111010010
1100010101
0001110100
0001100000
11001*0000
0000111111
1000000101
1000000000
0000110111
1011011110
1010110111
1011011101
0001101001
1110010101
0100000101
1110001111
0100010001
1110001110
1001110000
0011011001
100010000*
0000100101
1101101101
1000111100
1110101000
0000000110
1101100010
1110100111
0000101100
0011110011
1111000110
01110*1011
0110110001
0001111000
011010*111
1*01000111
0*10101110
0110110100
0100000110
1011101010
1001001111
0011110000
1101011101
*111010110
0000010001
0010001001
0011111000
0000101010
0101110010
0101010101
0100111011
1111000101
*011001011
001*001000
0110111001
11001101*0
0111100110
1001001001
0111011110
1110100001
1111100000
1000110100
00011100*1
0000110110
0010011101
1101110*11
1011010110
1110000010
1111101001
0110001000
0000011001
0010111100
0111011001
0100111110
1101110010
0001011010
10*0110111
1011010100
1110110010
0001100110
111101000*
0101011001
1010011100
1000111000
0011001110
1010001100
0001100111
0101111111
101*001111
1101011111
0001100001
1001011010
0001001011
1100101000
0011001001
1100010001
0011010001
0100100000
0111101111
1011*00111
010111*010
0111011100
1101101100
00*1011100
00*0100111
1111001111
1101010110
0001111100
0101001110
1011010011
0110001010
1011000100
0000011101
1100111000
0000100000
1111100101
0110111010
1100110010
1001100001
1101101010
1011001001
1110*11000
1001101100
0000001100
0110100111
0011000101
10001000*0
1000001000
0101011111
0010011001
1011110001
0101010010
1111001100
1100010100
1010101100
1010111111
0000001110
00*0110011
0101010001
0111011101
1001011001
0011000111
1111111100
0100100001
0100110010
1110111011
1111*11000
0110000010
0111110101
1010100101
0110010110
1111101111
1101110101
1010010100
0*10111101
1111111001
*000011011
1000000111
0100011110
1001100011
1100010111
1001110101
111011010*
1001001000
0110000100
0001111011
1001011100
0100011101
11001011*0
1101010011
1100000011
0000100001
0011000110
1111011110
0010101001
1001101000
11001011*1
0010110011
0000000101
1011111111
0101000100
0000000100
1011111100
0101110110
0110011000
1001100100
100101101*
0100111001
1000010001
00*1100111
010*001110
1001010010
0011101011
0110011100
0101110011
1111010111
0010101011
1001100000
0001101000
10*0101011
1101101110
0110101010
1010010010
1010000111
110*111010
0010*01101
1111100001
0010010*00
8 7
00010001
01110110
11001001
11101101
1001011*
00101000
11101001
3 4
110
011
111
000
3 1
010
2 1
01
2 2
11
10
7 28
0000110
1000011
0101101
0100010
1111101
0001000
0110001
11000*1
1001001
0001*10
0010101
1011110
0100100
0011110
1111001
0100110
1101111
1110000
1000010
0010010
11011*0
1100010
0000111
0001011
0000001
1001011
1001101
0101100
1 1
1
8 5
*0101110
*0011011
10101101
11011100
01111010
4 1
101*
10 393
0000111010
00*1011101
1001000101
0110110111
00*0001011
0100111010
11*0100110
0010010110
0111100101
0100100010
1010110001
1001100001
0101100111
0000000111
0110001010
0011010101
0010101000
0001001000
0011000000
1000001101
1000001110
1010010100
0001101*11
1001010000
0110000111
0001001111
0100010000
01111*1110
1001100110
1011110100
0011100111
1001010*10
1100010111
0000001000
0000010010
0100011010
0101101110
1111011010
0111100011
1001101110
011110*000
1111010111
1010010001
0111001010
0101111001
1111010000
1*00011101
0101101100
0000101001
*110011000
0101010110
10101*1000
0010010000
0100111111
1010100101
0101010101
0110011101
1111101110
0110*10101
0010111011
0101*11100
1011001000
0110010100
11110*0011
111001011*
1011011010
111010*111
10*1010100
10011*0010
1000000101
0100110110
0101111000
0100110100
01100*1110
11*0000011
110*011011
0111110101
1101001010
0111010000
0011011010
00000*0001
1101100101
1110101000
1100111011
1110010100
*101100010
1100110111
11101*0011
1010111110
1010101111
0000100111
1010100110
111001100*
1110101001
1000011011
0*10010010
0011001110
0010101010
0001000110
0101011101
0010001100
1011001100
1110111111
1001001110
1101111100
1100*11001
1010011010
111*001001
0110100100
0011111011
00*1010111
01*0000001
1101001101
1000010000
0101100101
1101111001
0000110001
1110101110
0010110010
0111101111
011*100100
0101001101
1010001000
10100001*0
001101000*
1101100010
1101111*01
00111000*1
1000001000
0101001000
1000101110
0001010010
0101000111
0100110011
1001100101
0111011100
0011001001
0001001101
0100110000
1111110100
1101110001
0101100011
0001010011
1001011100
100*101100
0110000011
0001010001
0110000100
0000000101
0101000001
1111000110
0110101001
1010111101
0110001000
0100001110
0101111100
1*11100001
1010110100
0110111100
0000001100
0111*11010
1001001101
1110001111
0110010000
1010000110
0000001111
1010110011
0101110000
1111010001
1000110010
1001101101
110100*000
011010110*
1*01110111
0100000111
1110001110
0100010101
1111001000
1111010010
1010110111
1110110100
0000000000
1011010001
1011100100
0110*10110
0001100001
1011011001
0010101111
0001101000
1101101111
0100110101
0100110111
0100001001
00111111*0
00*0101101
0010111010
0011010001
0110110001
1011110110
111010*101
1111000101
0010101100
0101101001
0111111001
1011101101
0010101011
1101100110
0001000111
11010*0111
0010111101
0100*01101
0011000101
1101*10011
00*0001010
001011011*
*111000100
1010011001
01111*1111
1100111100
0011001011
0100010110
1001100000
0101100100
001110100*
0111110100
1011000100
1000011010
1000011111
1111110101
1011101100
1101011110
1110001000
*000101000
0101011011
101*010000
101*100001
00*0111011
0110011110
1111111110
1010101011
0001101101
1000010011
0111101011
1011010111
1011001111
1111110010
0001011010
1011110010
1011100111
1100110010
1110111011
0000111101
0010001001
0111010111
0111100111
1110011111
0*01110101
0010000111
0110101000
0011011001
1111001011
1011000110
0100001111
1001100111
1110110000
0100010001
0110011010
1110110011
0010111110
1000110000
000001*011
0010011010
0011100010
0100100111
100111011*
*100111101
*001111100
1001101001
0011111001
*110111111
01*1011110
0101110001
0111001000
0111011111
1100100000
0110010110
1010001101
1110100000
0110011111
1011100110
0111011101
1010000101
110011110*
1011000111
1100000111
0001111000
1111110001
1011111000
1010010010
0000111111
11110*1001
1000000*10
1111010110
0100101010
1100101111
100100001*
1101011000
1010010011
1000111110
11101110*1
0000011010
1010111111
0010100010
0101001100
100*110111
0110*10011
0011100000
1010*01100
0000011100
01111*0001
11101*1101
1111101111
0010010001
0101111010
0101111101
000101010*
1011101000
01111011*1
100*001001
0111001110
0011011111
1100*01001
0011101101
0*00000110
1010000011
1111101000
1111100010
0011000100
1110100010
1011000101
0100100000
0000100101
1010011100
0000011000
1111011000
1110110010
0000111001
1111001101
0011110000
1110110110
0110100110
1001111110
0111101001
01101110*0
0111100000
100*001011
1101101011
0000001101
1100010010
1000101000
1011011101
1*00000101
1010111011
1101010001
10001*0111
0000100000
0111011110
0100100110
1000000010
0111001001
0011101010
1100100*11
*101001011
11010000*1
0011101100
0*01101110
0010001110
11001001*1
1011100101
0000011011
1101000100
0111100010
0101100000
0000101011
1001010001
*000010100
111*101010
0101101011
0011000111
1010010101
0011000010
1110010011
110101*011
3 4
011
000
11*
100
8 31
000*0100
1*100000
10100010
10011001
11110000
0*100110
10111110
*0100100
01100100
00011110
01011101
00011001
01010001
00001*01
00*10001
10000010
10010111
11101011
10110100
00111001
00*01111
01110111
10110110
01111001
01111000
1001*101
01010010
00100001
1*001000
00001010
0*010000
6 14
1*1010
111010
011001
000101
001100
0*0011
110001
000011
100110
101101
1*1011
011100
100011
101111
1 1
1
8 83
10100111
0110*011
10011101
11111010
01101110
11001001
11001100
00101100
11110001
01011111
000110*1
10010000
10001111
01101011
10*10100
111110*0
10010101
00110111
0001011*
11100011
*1000011
01111011
111*1110
11010100
00101111
00010110
10001110
10101101
10100011
010*1110
01010110
01011010
01110000
01010000
101101*1
00110*00
11000111
10110001
10000111
00000101
10100100
110*1111
01001010
10001011
10111001
01010111
01101010
01110111
11111101
00*01111
11101100
00000001
11100100
10110011
10101010
10011001
01011100
11000100
11000001
0111000*
11011100
0100*101
11101111
1000000*
01100101
01001110
10100*10
11111110
01100001
00100010
10111100
11010101
10011011
11111001
10100001
00100000
00000110
00110001
10001001
10111010
00011110
00011100
10101100
5 8
01110
0100*
00*00
11101
01010
00000
01000
10110
3 2
111
000
7 39
1100110
0100101
0101100
0100010
0010111
*011001
1110110
0101010
0001000
10*0001
1010101
0111000
1011011
0010101
0110101
1101011
0001110
1001101
1111011
0001101
0011101
0000101
1111100
0111001
0101001
11100*0
0000110
0001111
1101001
0010011
11*0000
0000111
1*00000
1000101
001*100
101000*
1111010
000110*
0010010
4 3
1011
1001
111*
3 4
*10
010
100
011
5 3
11000
11111
11100
5 8
01101
00011
11101
10111
11111
11000
10*00
00111
7 62
1000000
0*11110
0111101
1001100
0001110
0001000
1111111
111*010
1011110
11*1111
0100111
1010100
0001*01
1001001
1100110
0*10000
1011101
100001*
0011000
1000111
*010011
1101101
010000*
1111101
0010101
1010000
1000100
0100001
0000111
1100111
0110110
1100*11
1101110
101100*
1111000
1111110
0111010
101*101
0110011
1001110
1100100
101*111
1000110
0100100
0011010
1101001
110000*
1011001
0*11001
0001100
1011011
0110000
1110111
0111000
1010010
1110001
1110101
0000010
0101110
0011100
*101010
1*10111
9 57
110011100
000001101
000100101
100110000
011001100
10111*001
011001011
010100010
111000*01
000011101
001000011
100000100
101010010
110001010
101110010
111010001
110010111
101110111
001*11110
11*111111
001010110
101110000
010111010
000101001
110100000
001101001
000000*10
1*0010001
100000011
000*10011
11010101*
001000001
101000000
101010000
00100*110
100001000
111011011
*01110100
100011000
000000100
111011111
10*111110
110110010
111010111
111000011
110011110
010011000
0011110*0
100111011
111101011
110111100
010000011
000010100
00101001*
000110001
*10101100
0010*1110
6 10
100001
111100
10110*
010000
001000
000010
000*10
011010
011011
001110
10 414
0110011111
01100*1000
0101010011
00101*1010
1011100011
111111*100
1100100110
1000100101
1110011000
0000101110
1101000101
0111111100
0000011101
1001000110
1000100111
0011110000
0000010000
0011010110
1011010011
0110001010
1011101001
0111101101
1100011001
0000010101
001000010*
0000010011
0100000001
0000111100
11100010*0
0001111001
1001011*11
1100011010
0001100010
0100111000
0110100010
01*0010110
0101101100
010000101*
0000010100
1110011111
1000110100
000101*100
1010101011
1011110111
0011110010
0000100100
0011101000
0111011000
0001111110
*100101000
1010010100
1001010101
0010111101
1010001000
110*111110
11*1011010
1010000*01
1110001111
0111110100
1001000001
1010010000
1011101110
0000010110
0101101000
1001111110
1100101111
10*0100110
0110100100
1111001111
0011*01101
0110011100
1110010011
0110100111
0101111110
0111010111
1101110001
0110110100
1010010001
1000110010
1011011001
00010*1011
1111100011
0110001110
0000100010
0111111000
0000010111
1110111001
110101*010
1111010101
1001101001
0110111101
1011001110
1100111010
0101011110
1001100010
1100010011
0110001100
1100001001
01*1011001
0111111111
0011100001
00111*0001
01*1000011
000*101101
1000011110
1110000101
0011111010
0110000*01
1011111100
1001100100
0101101101
1110001011
1000111100
0110000101
1000011000
0010101101
0111000*10
0100010010
0001010100
010*100111
1000100001
1111010000
1000100000
0011110011
0011010011
0011000001
1100000101
0010001010
1*10011110
1101111010
0111011101
0100010111
1111010111
0010010000
1010010111
0100*00011
1101000011
0001101001
1000001000
0010001000
0111001*11
1001011010
*110001001
1100000011
1111110011
0110111010
1001011101
1111101011
0010011*10
1*00000010
0000110111
1000111*11
0010100101
1001001010
0101110000
0000011010
1011010111
1010110001
0001101011
0000000001
1000010001
1100001000
0101000001
1011000001
*100111110
0010110111
0110011011
0110110101
1111000011
0100011010
1111001011
0000110110
1010010010
0110011101
011*101100
1110110110
0110011001
1001001011
1001110111
0001000011
1001101011
0101010010
1100100001
0110100011
1001011100
1010011111
0100110010
0000*10001
1001111101
1010011010
0101010000
0111010101
1010100101
1010100110
0001*00011
1101101100
0100011001
1100101000
0000011000
1000001*01
110100000*
1000100100
0010*11111
0101010001
1010110000
01010111*1
1001110000
*011111000
1000010010
0100111010
*011000110
1101110011
1011010001
1011001000
1110101101
0010010010
1101001101
1101100000
1110100000
1100011100
0101011001
1101110000
0011100011
1100111110
0110100001
1010101000
1*00000100
0010111001
0011011000
1100011110
0001001010
0111111101
1011011000
1110001100
0000111000
1011101000
0010001101
1100100011
0000110000
0111100000
0011001000
0010101110
01110*0011
100*011101
1000111001
0111000101
0101101111
100*001010
0100101110
0000001101
00101*0111
0011111000
0100010011
1111110101
1000010011
0111001000
0101110011
0111011010
0100101001
0101111101
010*010100
011011101*
1010110100
0000100110
001100*011
1011011110
1111101100
111*100010
0101111100
0110010000
1000111011
1001110100
1110101011
0101100110
0001110010
0010011000
1101001110
0110111*00
0000110100
1111000101
1010000001
1111111110
1010111001
1111111011
1111010100
0011111011
1111110010
0110101111
1001111100
0011111100
1010000010
1110011100
0110001001
1000011111
0001001100
1101111101
0111000100
1011011010
0100001101
01001000*0
0111110000
1100001011
000000*111
1111011111
1110000001
0001110100
1000101011
1001011000
100*001111
0101100000
1001101101
000100010*
1111100100
1110100100
1100100100
0100011100
1010101001
*100011101
0100000010
1110111110
01*0011000
0101100011
0010110*00
1111001110
1101010101
10000111*0
1110010101
0000110010
1011011011
0111100110
01001*0110
1011000011
1001111011
1101100010
1101011010
1000101100
0100110000
1111100111
1110010010
001*110111
1111010010
1110110000
0011000011
1110*00110
0111001*11
1010011110
1111111111
0111010110
0101011101
1010001*11
1010*10011
1101110110
0000100*11
0011010010
0110101011
1000111110
0100101111
110010110*
0000000010
0010101111
0110100101
0110111001
0001110001
1100110000
1110111010
0110010111
0011000101
0001011001
1001110010
1111010110
11000*1111
1*00110101
0010110011
0100100100
011101*111
0001100101
0100101010
1100010000
1*11001101
1111001100
111010110*
0011001111
0100110001
0001010011
0000111101
1010110111
0010011001
0111111011
0101110110
0100100101
0111010001
1000111010
1110000100
1111101001
1001010010
1110010111
1101111*00
0001010000
0111000110
0101111001
1001110101
0111111010
1111111001
0101000111
0110000110
0111100010
1*00001100
1001000011
0000001010
1111111100
1011111110
1111101111
1000100*10
0000011100
2 1
*0
0 0