1 2
10 72
100037089152000 222844766188344300
1020044852386560000 2846482834638643200
10461394944000 1229779565176982820
105242722865280000 146080497378816000
105594705216000 391287046550400
1055947052160000 56100780299163600
105647502568608000 28158588057600000
106861841678592000 146732642456400000
1068618416785920000 2001433243105296000
10794125422080000 46209136925952000
108410564021760000 7199600138392662000
108972864000 5434542313200
11 3072
11087444047680000 617108583290799600
11115232128000 505412435127600
1136621406945024000 3077528519268403200
1157669951518080000 255011213096640000
1161541757376000 4304157512054400
11826606984192000 1095300948697956000
1187353796428800 809559406656000
11873537964288000 28694383413696000
118735379642880000 123255419663376000
12 60
12012 233280
120679663104000 7123908609417600
121961884524480000 8022411582780394800
1221759 267181325549568
12429117949248000 1458976483208724480
1245476010240000 91186030200545280
1246721486250240000 2937587501977128000
1260 10800
126713646259200 12466840066480800
1267136462592000 49867360265923200
1270312243200 474927240627840
128234210014310400 400286648621059200
1295295050649600 9241827385190400
13 12288
13009267682611200 240431915567844000
130092676826112000 7667106640885692000
1307674368000 1558355008310100
13304932857216000 1782758129506754400
13338278553600 1780977152354400
133382785536000 127785110681428200
13357730209824000 10119492583200000
1335773020982400000 3335722071842160000
135135 1555200
135751 89060441849856
1360059803182080000 6838952265040896000
1381013105472000 972650988805816320
13938501088512000 548540962925155200
14 24576
140323630487040000 323463958481664000
14079294028800 28912835952000
140792940288000 652145077584000
1407929402880000 93501300498606000
14248245557145600 15584018578128000
142482455571456000 424546445507184000
145008513 225434243432448
14529715200 160626866400
145720693198080000 517542333570662400
1478325873024000 15162373053828000
14783258730240000 1028514305484666000
1482030950400 23290895628000
14820309504000 1263531087819000
149606578350028800 419655357425304000
15 144
1504203675975 20155392000000
1515495209260032000 5539551334683125760
154355993535744000 106254672123600000
1543559935357440000 1355809616297136000
154872234316800 202389851664000
1548722343168000 7173595853424000
16 98304
160292762517888000 897612484786617600
16191188133120000 20149034121216000
16261584603264000 166786103592108000
163459296000 113891141063700
166229531500032000 828550321070472000
168168 1632960
1681680 10584000
168951528345600 9617276622713760
1689515283456000 175248151791672960
169911 16307453952
17 196608
170978946685747200 961727662271376000
171 1179648
1711 1297036692682702848
174356582400 118731810156960
1743565824000 3651003162326520
1773991047628800 48086383113568800
17739910476288000 1533421328177138400
177843714048000 470979407940121080
177925144320000 60790686800363520
1781030694643200 1214339109984000
17810306946432000 15179238874800000
178103069464320000 193687088042448000
18 393216
1806 32985348833280
1858466811801600 38469106490855040
18584668118016000 876240758958364800
186436769238720000 7294882416043622400
187008222937536000 361771859849400000
1877239203840000 327254551745121000
189436901157504000 64117105007155200
1894369011575040000 3558103543298304000
19 786432
1900704693888000 9136635413722116300
1929449919196800000 2668577657473728000
19513901523916800 336604681794981600
1963217256 23279477760
1971101164032000 35378870458932000
19711011640320000 3599800069196331000
1972086714614016000 1663528929334272000
199475437800038400 636819668260776000
2 6
20 120
200074178304000 702818108747855100
20715196582080000 95399508492288000
20817241885440000 547116181203271680
2083805912732544000 637528032741600000
209513304 1360800000
21 288
210485445730560000 304754141083392000
211189410432000 1434719170684800
2111894104320000 205702861096933200
2112950051372160000 676144016439091200
21372368335718400 28941748787952000
213723683357184000 649815988021200000
2137236833571840000 6732093635899632000
214057031348160000 105125395415040000
2168211280435200 10271284971948000
21682112804352000 374005201994424000
21794572800 374796021600
217945728000 24067258815600
2180547008640000 1945301977611632640
218581039797120000 1897655223092428800
22 6291456
220508562193920000 140256167203152000
22174888095360000 2300131992265707600
22230464256000 2671465728531600
224409867525043200 1049138393563260000
23 12582912
2313026876160000 182372060401090560
2315339903036160000 561024668812608000
2323083514752000 12129898443062400
24 210
24135932620800 19472016865741440
241359326208000 58416050597224320
24425563812249600 346221958417695360
2470051584000 108222351237000
248072132468160000 80146381258944000
2490952020480000 1246209079407452160
24934429725004800 38960046445320000
249344297250048000 513564248597400000
25 50331648
252 2880
253427292518400 73020063246530400
2534272925184000 292080252986121600
256468420028620800 1346418727179926400
2590590101299200 68389522650408960
2615348736000 9127507905816300
2646102746327040000 8655548960442384000
2652116616205056000 1032997802893056000
26609865714432000 5622544869982840800
26676557107200 14604012649306080
266765571072000 784965679900201800
26715460419648000 31458422595600000
267154604196480000 322811813404080000
27877002177024000 2044561770902851200
280647260974080000 1709738066260224000
28158588057600 209618060652000
281585880576000 2888071057872000
2815858805760000 514257152742333000
281726673516288000 214648894107648000
2841553517362560000 7180899878292940800
28496491114291200 41085139887792000
29099070 671846400
291441386396160000 2735580906016358400
2956651746048000 55595367864036000
29566517460480000 3833553320442846000
2964061900800 4868004216435360
29640619008000 6678664321329000
2968384491072000 1619118813312000
296838449107200000 742838218890768000
2976865589617920000 1823330173640976000
299213156700057600 1000716621552648000
3 12
300450150 103195607040
3016991577600 43476338505600
30169915776000 478239723561600
305319547653120000 1731109792088476800
308403583488000 121581373600727040
30957699535776 3158920892214411264
309744468633600 838472242608000
3097444686336000 20216497405104000
3113510400 14841476269620
31225862828160000 911860302005452800
316784115648000 6217116406300800
3167841156480000 891379064753377200
320585525035776000 1734575477357923200
323823762662400 321812434944000
32382376266240000 341947613252044800
32523169206528000 561007802991636000
326918592000 194284887696900
33345696384000 6233420033240400
3337052165759312 247669456896000000
3379030566912000 1883917631760484320
3379847863392000 76357747526860800
33798478633920000 649040853978316800
3473009854554240000 1041902956366272000
3484625272128000 99734720531846400
3487131648000 52331045326680120
35080907621760000 31302963724032000
3547982095257600 394308341531264160
3562061389286400 2833457923296000
35620613892864000 35418224041200000
356206138928640000 451936538765712000
359055788040069120 6010797889196100000
3695814682560000 83393051796054000
3705077376000 81518134698000
37169336236032000 7535670527041937280
374016445875072000 807029533510200000
378873802315008000 169036004109772800
3858899838393600000 8285503210704720000
3885885151948800 113982537750681600
38858851519488000 1094232362406543360
39027803047833600 1971541707656320800
4 24
400148356608000 2747379879650706300
400400 5184000
40073190629472000 111908095313414400
40320 9699690
40653961508160000 1084109673348702000
408017940954624000 2462022815414722560
41186376 1672151040
4163448377088000 364744120802181120
4167611825465088000 1981880623522800000
420970891461120000 2393633292764313600
42237882086400 167694448521600
422378820864000 4043299481020800
4223788208640000 766710664088569200
42744736671436800 64562362680816000
427447366714368000 2244031211966544000
43364225608704000 1309018206980484000
43589145600 1552726375200
435891456000 84235405854600
437162079594240000 6383022114038169600
4434977619072000 112201560598327200
44349776190720000 8433817304974261200
444422160 1828915200
4446092851200 144403552893600
44460928512000 9350130049860600
445257673660800000 753227564609520000
4626053752320000 2492418158814904320
463067980607232000 102004485238656000
4646167029504000 44476294291228800
47117214144 244944000000
473592252893760000 344332600964352000
47494151857152000 247612739630256000
479001600 7420738134810
482718652416000 837296725226881920
48573564399360000 83474569930752000
48784753809792000 1234217166581599200
494010316800 28880710578720
4940103168000 285313471443000
49868859450009600 96843544021224000
5 48
506854585036800 627972543920161440
5068545850368000 2511890175680645760
512936840057241600 7886166830625283200
5150244363264000 7781207910446530560
516240781056000 1731557619792000
520431047136000 740168600371200
52251400851 18260173718028288
5230697472000 78496567990020180
528237512843040000 129529505064960000
53353114214400 209324181306720480
533531142144000 7378677391061896920
5343092083929600 4452576736608000
53430920839296000 55657209207600000
534309208392960000 839310714850608000
53970627110400 46930980096000
5397062711040000 10434321241344000
54205282010880000 1963527310470726000
54486432000 2061378118800
563171761152000 26714657285316000
5631717611520000 1916776660221423000
563453347032576000 5471161812032716800
569929822285824000 5236072827921936000
581188608000 267146572853160
58288277279232000 1823720604010905600
58343356817424 6317841784428822528
58692289856200 5410421842378752000
591330349209600 6498159880212000
5913303492096000 187002600997212000
59281238016000 2459559130353965640
5936768982144000 4619768353200000
59367689821440000 46752055734384000
593676898214400000 1657100642140944000
595373117923584000 318764016370800000
598426313400115200 3366046817949816000
6 30
60 360
600 125829120
6006 230400
60339831552000 1347766493673600
61 3458764513820540928
6194889372672000 106858629141264000
62 6917529027641081856
6227020800 304250263527210
62336074312512000 83485813811400000
62451725656320000 7477254476444712960
631456337191680000 803442735583488000
633568231296000 14825431430409600
6335682312960000 2811272434991420400
63606090240 10414962832834560
63756 235929600
64117105007155200 167862142970121600
641171050071552000 4936868666326396800
646646 241864704
647647525324800 2086864248268800
64764752532480000 2803970428666767360
6504633841305600 45487119161484000
65046338413056000 2057028610969332000
653837184000 463294732200300
66 9216
66691392768000 34283810182822200
667886510491200000 1334288828736864000
6704425728000 22487761296000
690424586019168 77669141682585600
6969250544256000 192730608595324800
7 192
70161815243520000 114777533654784000
70396470144000 247365374256000
703964701440000 27797683932018000
70431668379072000 18101949465600000
7124122778572800 6678865104912000
71241227785728000 150645512921904000
712412277857280000 1273639336521552000
72072 544320
7286034659904000 5181180202598400
72860346599040000 183644053847654400
73072877990112 939309347635200000
7391629365120000 280503901495818000
7410154752000 361008882234000
744216397404480000 280512334406304000
74803289175014400 161405906702040000
748032891750144000 2274355958074200000
75075 1036800
756 7200
76329886913280000 116212252825468800
76767600 57982058496000
771779967678720000 268316145953856000
774361171584000 1956435232752000
7771770303897600 934656809555589120
7866331200 20341724282880
8 384
80146381258944000 266857765747372800
801463812589440000 2692837454359852800
80453108736000 4274345165650560
8095594066560000 9636494579712000
81307923016320000 3085542916453998000
8326896754176000 4984836317629808640
84194178292224000 615505703853680640
84475764172800 1039705580833920
844757641728000 21371725828252800
8447576417280000 4216908652487130600
845180020548864000 1330823143467417600
85489473342873600 181948476645936000
854894733428736000 8228114443877328000
857180548224000 486325494402908160
87178291200 9626903526240
871782912000 445244288088600
87779194272 101921587200000
884038872068352000 249344297250048000
8869955238144000 411405722193866400
8892185702400 1068586291412640
88921857024000 54765047434897800
8905153473216000 7259635983600000
89051534732160000 77920092890640000
890515347321600000 1958391667984752000
897639470100172800 6504658040092212000
9 768
90 900
91 36864
9139 1855425871872
9292334059008000 149602080797769600
947184505787520000 970391875444992000
950352346944000 3788361025201853100
97147128798720000 369673095407616000
97527 3242591731706757120
97569507619584000 4600263984531415200
9855505820160000 654509103490242000
9880206336000 10953009486979560
992 16106127360
992288529872640000 872027474350032000
99638080819200 30395343400181760
997377189000192000 7854109241882904000
